430
602
774
45
275
608
111
364
758
377
377
385
305
908
405
838
485
264
420
0
11
804
110
801
285
640
174
584
710
723
615
76
531
365
0
773
258
824
918
899
580
405
880
628
800
406
562
317
821
462
122
333
204
713
640
355
245
410
272
378
452
760
66
585
566
876
524
663
437
788
541
220
893
373
371
629
45
851
393
60
387
773
874
657
440
210
901
747
406
372
225
724
72
336
86
414
748
17
388
332
91
8
385
420
558
114
478
405
293
376
490
586
163
562
39
329
701
703
616
869
274
782
860
27
758
543
645
63
463
52
286
708
849
144
138
722
899
540
48
759
252
909
910
727
56
44
930
675
489
794
149
42
401
856
698
546
861
370
467
939
380
322
726
447
560
511
364
76
759
351
575
925
42
389
934
221
325
42
307
272
718
51
269
619
513
892
193
379
613
482
334
876
810
540
145
876
367
455
153
227
741
31
537
688
476
80
485
654
390
106
406
369
166
421
732
198
913
153
801
528
473
383
727
263
763
562
803
813
461
519
640
289
618
681
590
626
7
560
128
41
23
631
685
649
672
99
290
585
134
867
252
197
892
310
877
162
769
385
300
568
320
796
545
46
743
709
21
923
144
307
358
602
46
271
417
168
298
842
925
723
349
215
810
319
430
757
897
650
526
614
762
62
831
224
401
658
400
80
532
900
739
417
429
515
449
171
812
183
865
654
312
220
549
473
311
490
703
588
595
596
554
110
598
4
39
355
917
423
635
546
99
198
928
826
233
39
627
443
543
855
891
864
538
539
771
754
411
862
253
812
419
240
301
704
860
479
702
643
371
427
719
940
527
186
784
551
307
812
83
864
449
305
64
228
795
271
694
781
229
726
446
104
283
260
269
121
59
709
618
560
283
308
33
700
132
667
607
750
643
431
317
409
249
506
656
353
207
98
582
657
584
396
282
225
737
589
127
708
296
466
875
78
920
608
661
352
820
580
457
723
940
222
822
551
414
445
925
42
899
896
570
620
224
735
879
600
621
890
366
705
891
75
910
601
133
655
791
324
541
596
854
257
824
774
488
543
528
846
67
3
213
206
667
108
778
571
276
677
588
75
874
145
508
184
383
728
650
447
372
4
830
54
898
816
329
38
439
255
936
621
331
24
377
483
761
349
154
460
754
160
50
799
476
144
933
569
836
255
188
415
167
101
686
254
153
347
836
414
29
162
140
419
426
621
719
137
611
587
323
804
577
190
472
725
933
305
695
388
263
658
167
483
112
755
803
935
769
829
596
255
364
647
711
731
936
450
37
371
87
682
473
436
122
754
426
544
817
373
32
762
899
599
288
776
485
127
281
498
882
18
857
703
780
346
551
482
559
74
122
226
350
393
555
861
703
681
774
913
699
0
173
774
253
182
427
434
500
286
628
725
506
646
916
42
486
863
680
88
804
72
576
127
313
330
98
368
563
942
425
93
784
386
748
56
544
469
390
922
654
614
573
416
351
745
3
520
219
880
46
285
826
817
704
691
179
62
805
863
292
410
110
550
685
756
26
446
448
430
625
367
854
400
550
103
184
28
112
812
587
867
243
477
941
344
448
146
260
477
893
86
712
809
255
708
123
233
569
796
281
938
805
631
170
482
333
398
702
108
576
33
424
727
799
380
51
246
391
215
272
484
522
577
749
584
280
366
344
443
512
511
587
298
538
236
377
425
931
813
237
507
190
792
795
739
106
30
585
723
818
702
512
544
601
476
501
562
6
939
585
319
874
257
728
607
782
500
769
647
572
236
656
762
513
478
521
615
387
722
481
583
55
429
919
785
685
363
530
410
370
739
190
113
125
781
764
449
302
581
39
754
131
704
510
670
208
920
651
206
142
62
35
73
139
305
363
534
377
187
450
761
356
637
32
693
330
317
510
787
396
542
62
28
297
321
705
523
229
612
227
920
279
919
236
871
682
255
177
910
38
927
98
620
295
283
618
703
301
244
11
720
170
646
693
8
162
813
725
633
756
839
285
529
581
118
653
441
757
408
161
575
83
810
490
903
454
239
685
818
554
138
721
783
77
412
492
17
281
683
751
393
20
20
86
720
645
222
142
271
551
145
221
455
741
271
270
422
794
555
256
672
710
360
309
358
509
266
245
697
89
170
726
868
188
545
182
254
357
808
617
692
889
226
613
908
407
289
436
135
505
301
878
275
683
885
214
259
136
593
143
237
713
295
344
549
771
52
53
390
124
829
444
886
649
431
756
547
119
519
91
549
833
163
440
719
198
824
217
381
628
570
